5.0000000000 139.7214799883
10.0000000000 129.9231045890
15.0000000000 65.6470353004
20.0000000000 9.8176383234
25.0000000000 -3.1191161456
30.0000000000 32.4194711010
35.0000000000 46.6180417611
40.0000000000 74.5353199524
45.0000000000 82.4562921006
50.0000000000 -15.5437000755
55.0000000000 16.4441934570
60.0000000000 27.4997888963
65.0000000000 93.4375823017
70.0000000000 153.8036031714
75.0000000000 209.9874988150
80.0000000000 244.5032534493
85.0000000000 231.4570090474
90.0000000000 222.6289210409
95.0000000000 207.6018964168
100.0000000000 258.1931202872
105.0000000000 224.4502186495
110.0000000000 239.4710160571
115.0000000000 225.2879187075
120.0000000000 248.6498607338
125.0000000000 231.3078264437
130.0000000000 259.7700864040
135.0000000000 255.8192205436
140.0000000000 255.9494943866
145.0000000000 248.8993209670
150.0000000000 244.7263682568
155.0000000000 204.6469930499
160.0000000000 190.6585763894
165.0000000000 178.9388117587
170.0000000000 180.6310996807
175.0000000000 199.2480576493
180.0000000000 209.5833002128
185.0000000000 225.0415013605
190.0000000000 229.5796365987
195.0000000000 226.9296227871
200.0000000000 200.2480451558
205.0000000000 213.7117168576
210.0000000000 202.3606517032
215.0000000000 202.6090597486
220.0000000000 202.9670089772
225.0000000000 205.6033254893
230.0000000000 216.0768696692
235.0000000000 216.0752545619
240.0000000000 213.5621429878
245.0000000000 215.6589909327
250.0000000000 218.8116684061
255.0000000000 232.5568270533
260.0000000000 212.9653819104
265.0000000000 215.2982328711
270.0000000000 220.5699393102
275.0000000000 221.0659896784
280.0000000000 224.3416556884
285.0000000000 235.4514091496
290.0000000000 253.5660885188
295.0000000000 272.2637749475
300.0000000000 253.0864274898
305.0000000000 258.9342161612
310.0000000000 256.8408691798
315.0000000000 247.9305922600
320.0000000000 245.2375262052
325.0000000000 249.6501244015
330.0000000000 245.3035513328
335.0000000000 252.7381436887
340.0000000000 254.2956926376
345.0000000000 256.9378627782
350.0000000000 256.7467516780
355.0000000000 256.3166148449
360.0000000000 256.5835658168
365.0000000000 253.0008228592
370.0000000000 249.9273656748
375.0000000000 255.4372410098
380.0000000000 259.8283329236
385.0000000000 260.3124404424
390.0000000000 268.2565873101
395.0000000000 272.4488842822
400.0000000000 264.1618097016
405.0000000000 258.0627607112
410.0000000000 259.0123813877
415.0000000000 256.0991845492
420.0000000000 254.2234092959
425.0000000000 253.2331394025
430.0000000000 256.5361352086
435.0000000000 261.2463604856
440.0000000000 267.1699501907
445.0000000000 272.9046958139
450.0000000000 284.3879271702
455.0000000000 279.4113336800
460.0000000000 279.6495384577
465.0000000000 271.8000280695
470.0000000000 275.2224751106
475.0000000000 267.9113038160
480.0000000000 269.2827455916
485.0000000000 270.8334253073
490.0000000000 267.8106978890
495.0000000000 269.5774388455
500.0000000000 271.4642859314
505.0000000000 272.9344232742
510.0000000000 271.8254555233
515.0000000000 271.1698705924
520.0000000000 268.6636254529
525.0000000000 265.9925677282
530.0000000000 266.2630693613
535.0000000000 273.4177162147
540.0000000000 284.1948488768
545.0000000000 296.2476005871
550.0000000000 287.1669885483
555.0000000000 286.9196916160
560.0000000000 286.0255696678
565.0000000000 290.3209380984
570.0000000000 286.4742292968
575.0000000000 282.0077775820
580.0000000000 282.2718568675
585.0000000000 284.2729050649
590.0000000000 287.3562700336
595.0000000000 287.2627764461
600.0000000000 288.5588996070
605.0000000000 284.9661018388
610.0000000000 295.1606994504
615.0000000000 282.2905985879
620.0000000000 281.5051076099
625.0000000000 284.9290856587
630.0000000000 281.2554063319
635.0000000000 271.5093050595
640.0000000000 272.2963731459
645.0000000000 272.6309619147
650.0000000000 271.9795240952
655.0000000000 271.6508721482
660.0000000000 273.8839598614
665.0000000000 259.7819314476
670.0000000000 258.9167008863
675.0000000000 259.3174071167
680.0000000000 258.3261894531
685.0000000000 249.9700563920
690.0000000000 252.0957664820
695.0000000000 257.3175152261
700.0000000000 253.6475847387
705.0000000000 258.2575059169
710.0000000000 256.5760349693
715.0000000000 255.5445453530
720.0000000000 254.2943958613
725.0000000000 253.2884717419
730.0000000000 249.2153324753
735.0000000000 249.0395369043
740.0000000000 252.1045736271
745.0000000000 249.5072093154
750.0000000000 247.5261273207
755.0000000000 251.2687068139
760.0000000000 250.3340704091
765.0000000000 246.3700663650
770.0000000000 242.7812726936
775.0000000000 245.9890704349
780.0000000000 246.7490096942
785.0000000000 245.8871754899
790.0000000000 245.1820053837
795.0000000000 243.5559139592
800.0000000000 242.5758137664
805.0000000000 241.1893520146
810.0000000000 240.5192327728
815.0000000000 240.3657446076
820.0000000000 243.8668359016
825.0000000000 250.6703284843
830.0000000000 247.2764439558
835.0000000000 247.3886443854
840.0000000000 249.1498098345
845.0000000000 242.9100160506
850.0000000000 242.6427686727
855.0000000000 244.8966453011
860.0000000000 244.2031937443
865.0000000000 245.4233905756
870.0000000000 244.6162040215
875.0000000000 244.5717337379
880.0000000000 243.3919827837
885.0000000000 249.9309712478
890.0000000000 245.7008332475
895.0000000000 244.7877257241
900.0000000000 245.7889132167
905.0000000000 240.9933263382
910.0000000000 240.8718172699
915.0000000000 244.7761594706
920.0000000000 242.3250457037
925.0000000000 241.0962859835
930.0000000000 242.3443959609
935.0000000000 236.4337607527
940.0000000000 235.2866736742
945.0000000000 232.5208330635
950.0000000000 230.9752245269
955.0000000000 227.9913870449
960.0000000000 229.5147015310
965.0000000000 234.8322592033
970.0000000000 234.9467483561
975.0000000000 230.6074407553
980.0000000000 233.1586192245
985.0000000000 231.0590417143
990.0000000000 227.2193890869
995.0000000000 226.1808253600
1000.0000000000 226.8088206573
1005.0000000000 225.5371439326
1010.0000000000 224.2383653179
1015.0000000000 223.9165294836
1020.0000000000 222.2496036864
1025.0000000000 226.8613134416
1030.0000000000 228.0414392834
1035.0000000000 225.7425081240
1040.0000000000 225.4128144035
1045.0000000000 230.1043321213
1050.0000000000 229.2693074082
1055.0000000000 230.9075083540
1060.0000000000 229.8652871149
1065.0000000000 231.4551672678
1070.0000000000 233.5070108575
1075.0000000000 235.4691397706
1080.0000000000 237.4723111908
1085.0000000000 237.5731762936
1090.0000000000 237.5808457673
1095.0000000000 237.5453884557
1100.0000000000 236.5527064800
1105.0000000000 239.0192272719
1110.0000000000 240.9234218685
1115.0000000000 243.8662651320
1120.0000000000 243.8952487086
1125.0000000000 243.3256452202
1130.0000000000 246.4371444849
1135.0000000000 244.0015535620
1140.0000000000 245.7461680434
1145.0000000000 249.1606497005
1150.0000000000 250.3432835787
1155.0000000000 250.7275651810
1160.0000000000 249.4311740106
1165.0000000000 251.5065599336
1170.0000000000 251.7562167012
1175.0000000000 249.7111043556
1180.0000000000 249.7594993655
1185.0000000000 249.7098395389
1190.0000000000 252.6672050685
1195.0000000000 252.6701108581
1200.0000000000 252.7926734042
1205.0000000000 253.6623916120
1210.0000000000 257.0854123866
1215.0000000000 255.6125606997
1220.0000000000 254.1212386166
1225.0000000000 253.0106188392
1230.0000000000 250.1270017134
1235.0000000000 253.4787608825
1240.0000000000 254.2363087066
1245.0000000000 256.6095609981
1250.0000000000 258.5903369546
1255.0000000000 262.6832577328
1260.0000000000 266.3243793224
1265.0000000000 264.0510387707
1270.0000000000 267.0912156627
1275.0000000000 263.3418021664
1280.0000000000 261.5391130822
1285.0000000000 260.0299469462
1290.0000000000 262.1138486490
1295.0000000000 264.8795223802
1300.0000000000 262.8826818834
1305.0000000000 263.3299793790
1310.0000000000 262.2552318658
1315.0000000000 261.4573633725
1320.0000000000 262.3568918530
1325.0000000000 260.8351637561
1330.0000000000 255.7554635648
1335.0000000000 256.5988068684
1340.0000000000 255.9329169287
1345.0000000000 256.6603727801
1350.0000000000 255.5674254012
1355.0000000000 255.9216572494
1360.0000000000 255.3096156668
1365.0000000000 255.6311260709
1370.0000000000 254.6463342510
1375.0000000000 260.5906642898
1380.0000000000 260.0514973450
1385.0000000000 260.8587315378
1390.0000000000 261.3402791870
1395.0000000000 261.4262799528
1400.0000000000 259.5930403841
1405.0000000000 258.8039093786
1410.0000000000 258.6429824151
1415.0000000000 257.9737310642
1420.0000000000 260.6765703565
1425.0000000000 256.4222763403
1430.0000000000 255.9814508219
1435.0000000000 255.3602646359
1440.0000000000 254.4545448853
1445.0000000000 255.8759020610
1450.0000000000 249.2841661812
1455.0000000000 248.4590221586
1460.0000000000 248.0637280877
1465.0000000000 247.0063539788
1470.0000000000 249.4983304143
1475.0000000000 251.5767649524
1480.0000000000 255.6525603253
1485.0000000000 253.0986098915
1490.0000000000 252.1725324725
1495.0000000000 251.1988734289
1500.0000000000 251.2782127483
1505.0000000000 251.4227785272
1510.0000000000 249.1656542601
1515.0000000000 248.3054975795
1520.0000000000 248.9689871163
1525.0000000000 249.3246032144
1530.0000000000 250.7239475022
1535.0000000000 250.2203123525
1540.0000000000 250.1570436907
1545.0000000000 249.9876931458
1550.0000000000 250.1929609668
1555.0000000000 249.8243523925
1560.0000000000 249.5783948466
1565.0000000000 246.8179833551
1570.0000000000 247.2498069396
1575.0000000000 248.6802299257
1580.0000000000 248.9057833578
1585.0000000000 248.3802968888
1590.0000000000 248.9837221202
1595.0000000000 249.7128406557
1600.0000000000 251.5945357917
1605.0000000000 248.1946442811
1610.0000000000 245.8519344958
1615.0000000000 246.2541955446
1620.0000000000 245.7333034147
1625.0000000000 247.5874925358
1630.0000000000 250.0448716565
1635.0000000000 253.2542205117
1640.0000000000 256.4254902240
1645.0000000000 258.6339648269
1650.0000000000 253.9202698729
1655.0000000000 256.1591073822
1660.0000000000 254.8004213084
1665.0000000000 250.6725849306
1670.0000000000 249.3515644411
1675.0000000000 248.5905548449
1680.0000000000 247.8714568059
1685.0000000000 247.4295485789
1690.0000000000 250.3451203410
1695.0000000000 251.4394911244
1700.0000000000 249.0667711833
1705.0000000000 248.3811746703
1710.0000000000 249.8904108240
1715.0000000000 246.5968130947
1720.0000000000 241.3704846538
1725.0000000000 241.5585111874
1730.0000000000 242.1392288090
1735.0000000000 242.1613928762
1740.0000000000 242.4094199586
1745.0000000000 243.3631582572
1750.0000000000 244.8159668369
1755.0000000000 240.3755095060
1760.0000000000 239.3284009285
1765.0000000000 238.7800634531
1770.0000000000 238.6148124213
1775.0000000000 237.9164696188
1780.0000000000 239.1240069191
1785.0000000000 241.9776134269
1790.0000000000 242.4495629861
1795.0000000000 236.2333994025
1800.0000000000 234.7757983607
1805.0000000000 236.8484380164
1810.0000000000 232.8859607700
1815.0000000000 232.3477559000
1820.0000000000 232.4725542478
1825.0000000000 230.0458789641
1830.0000000000 232.6505788152
1835.0000000000 234.0198395309
1840.0000000000 234.1906310533
1845.0000000000 233.8052213438
1850.0000000000 233.9084623135
1855.0000000000 234.8225864787
1860.0000000000 233.3360070173
1865.0000000000 232.5371579252
1870.0000000000 231.7938901951
1875.0000000000 230.3628359487
1880.0000000000 229.9185239223
1885.0000000000 231.6818344021
1890.0000000000 231.0775497029
1895.0000000000 232.4379140661
1900.0000000000 232.3617688409
1905.0000000000 232.4827395174
1910.0000000000 232.5639413209
1915.0000000000 235.1850712302
1920.0000000000 235.8411368897
1925.0000000000 235.3728265964
1930.0000000000 236.1180713667
1935.0000000000 235.6222393016
1940.0000000000 235.9042697378
1945.0000000000 235.3498515503
1950.0000000000 235.4708192633
1955.0000000000 236.6409180981
1960.0000000000 233.8679812226
1965.0000000000 236.6221114273
1970.0000000000 236.8867263450
1975.0000000000 236.3923953364
1980.0000000000 236.9140673245
1985.0000000000 235.4625704943
1990.0000000000 236.4791034903
1995.0000000000 236.2088879450
2000.0000000000 235.5642831312
2005.0000000000 236.3156959984
2010.0000000000 238.4165632498
2015.0000000000 241.6202581015
2020.0000000000 241.6665827383
2025.0000000000 241.5423495260
2030.0000000000 242.7208524930
2035.0000000000 241.8546212414
2040.0000000000 240.2700490651
2045.0000000000 239.3405384900
2050.0000000000 241.2087745089
2055.0000000000 242.0117258745
2060.0000000000 242.2056335571
2065.0000000000 241.8568239322
2070.0000000000 241.8857872904
2075.0000000000 242.0822121063
2080.0000000000 245.7949557896
2085.0000000000 241.4030124705
2090.0000000000 241.7240139566
2095.0000000000 240.5487834337
2100.0000000000 239.1866151590
2105.0000000000 240.5941630510
2110.0000000000 243.9075198633
2115.0000000000 244.3309909968
2120.0000000000 242.8897134828
2125.0000000000 242.4570019855
2130.0000000000 242.3952296040
2135.0000000000 242.5540592736
2140.0000000000 238.8748429284
2145.0000000000 238.0010860504
2150.0000000000 236.6551892072
2155.0000000000 237.2938254627
2160.0000000000 238.0764784551
2165.0000000000 239.3487973937
2170.0000000000 239.4793121445
2175.0000000000 239.7367602882
2180.0000000000 238.3690158852
2185.0000000000 240.2844735280
2190.0000000000 237.5877063097
2195.0000000000 237.5026077074
2200.0000000000 236.3975312838
2205.0000000000 237.2910426837
2210.0000000000 236.6511234516
2215.0000000000 238.9057606966
2220.0000000000 240.8590845491
2225.0000000000 240.0710240909
2230.0000000000 240.6127216883
2235.0000000000 239.6965684343
2240.0000000000 240.6940263431
2245.0000000000 240.0072896713
2250.0000000000 239.7775380920
2255.0000000000 239.9381532481
2260.0000000000 241.5592995414
2265.0000000000 243.8260011616
2270.0000000000 246.5855932564
2275.0000000000 244.7900377482
2280.0000000000 243.5902038366
2285.0000000000 245.4222308649
2290.0000000000 244.5677900951
2295.0000000000 242.9107235349
2300.0000000000 243.1641217734
2305.0000000000 242.7114803720
2310.0000000000 242.0592259125
2315.0000000000 243.0639710279
2320.0000000000 242.1625817059
2325.0000000000 241.7003344405
2330.0000000000 243.7412246885
2335.0000000000 245.9267071843
2340.0000000000 246.3876386039
2345.0000000000 245.7893328978
2350.0000000000 245.1861440440
2355.0000000000 244.9871554002
2360.0000000000 243.1120820633
2365.0000000000 243.8644958503
2370.0000000000 245.1343045145
2375.0000000000 246.1742925295
2380.0000000000 246.2987652291
2385.0000000000 246.4185288424
2390.0000000000 246.3569049151
2395.0000000000 248.1653416634
2400.0000000000 247.6076767994
2405.0000000000 246.1528647001
2410.0000000000 246.9883875664
2415.0000000000 247.0723659407
2420.0000000000 247.1597397933
2425.0000000000 247.3516067715
2430.0000000000 246.1287227070
2435.0000000000 246.7946292104
2440.0000000000 246.1586359268
2445.0000000000 246.7947001741
2450.0000000000 248.7477182188
2455.0000000000 250.8868860914
2460.0000000000 250.1511644218
2465.0000000000 248.6390343939
2470.0000000000 248.9809160932
2475.0000000000 248.3900806992
2480.0000000000 248.0727039335
2485.0000000000 249.3589504622
2490.0000000000 250.1189003593
2495.0000000000 250.3585196407
2500.0000000000 250.2988724507
2505.0000000000 250.3462029198
2510.0000000000 253.0371068759
2515.0000000000 250.8356467370
2520.0000000000 250.6165289795
2525.0000000000 250.8176677873
2530.0000000000 250.8178197296
2535.0000000000 248.0758563399
2540.0000000000 248.7137369864
2545.0000000000 249.1821690745
2550.0000000000 248.8123573601
2555.0000000000 249.0036709274
2560.0000000000 249.2407039521
2565.0000000000 249.5483801379
2570.0000000000 250.4010193494
2575.0000000000 247.4591159988
2580.0000000000 246.7550055145
2585.0000000000 246.4650629427
2590.0000000000 241.3803437737
2595.0000000000 240.2304329402
2600.0000000000 240.4176135259
2605.0000000000 240.6556461902
2610.0000000000 239.7544549816
2615.0000000000 241.2485210282
2620.0000000000 240.9240964295
2625.0000000000 241.0032492290
2630.0000000000 239.4531565243
2635.0000000000 238.9384396713
2640.0000000000 239.7873083506
2645.0000000000 239.4919600317
2650.0000000000 239.2383491220
2655.0000000000 241.2922469507
2660.0000000000 243.4000574410
2665.0000000000 242.9052634252
2670.0000000000 240.9013323279
2675.0000000000 241.9058591660
2680.0000000000 240.7314086040
2685.0000000000 240.0316972870
2690.0000000000 238.7520488664
2695.0000000000 238.8701502710
2700.0000000000 239.6250453152
2705.0000000000 239.7600905607
2710.0000000000 239.1075959925
2715.0000000000 239.5404826349
2720.0000000000 242.0480160212
2725.0000000000 239.6720870946
2730.0000000000 238.9304696552
2735.0000000000 238.6915241560
2740.0000000000 239.0127087589
2745.0000000000 239.3883547919
2750.0000000000 236.0104813048
2755.0000000000 236.1808235515
2760.0000000000 239.1599372445
2765.0000000000 239.3656934216
2770.0000000000 239.0645006973
2775.0000000000 239.1615392195
2780.0000000000 239.4078306465
2785.0000000000 240.9065546345
2790.0000000000 238.2189196918
2795.0000000000 236.8926116056
2800.0000000000 237.2147702821
2805.0000000000 236.7569714820
2810.0000000000 237.8989587243
2815.0000000000 239.3055953001
2820.0000000000 241.1984857934
2825.0000000000 243.2784592412
2830.0000000000 241.9018705491
2835.0000000000 241.4398738516
2840.0000000000 241.3477338318
2845.0000000000 240.0772616519
2850.0000000000 239.8022126371
2855.0000000000 239.9266411169
2860.0000000000 240.8467319428
2865.0000000000 241.2379512157
2870.0000000000 242.1340121583
2875.0000000000 241.7859193961
2880.0000000000 241.9016941483
2885.0000000000 241.6003261070
2890.0000000000 241.0227694298
2895.0000000000 241.1303564480
2900.0000000000 240.8690822463
2905.0000000000 240.6209287089
2910.0000000000 241.2614643742
2915.0000000000 243.3756522594
2920.0000000000 243.3129617067
2925.0000000000 242.4477389190
2930.0000000000 241.6997705247
2935.0000000000 241.5494152228
2940.0000000000 241.6311133522
2945.0000000000 241.8435822036
2950.0000000000 241.4275437004
2955.0000000000 243.0425629375
2960.0000000000 244.3720079832
2965.0000000000 243.7506753690
2970.0000000000 244.0818744214
2975.0000000000 243.3655870499
2980.0000000000 244.3873118998
2985.0000000000 244.9613174704
2990.0000000000 243.4590323127
2995.0000000000 243.6325978448
3000.0000000000 243.4046809802
3005.0000000000 245.5267340190
3010.0000000000 246.0503277155
3015.0000000000 244.2282522199
3020.0000000000 245.1199955492
3025.0000000000 244.0580616880
3030.0000000000 243.4059881197
3035.0000000000 243.0100036549
3040.0000000000 242.4768695680
3045.0000000000 242.5826945381
3050.0000000000 243.5795683938
3055.0000000000 244.5356985690
3060.0000000000 244.6146697427
3065.0000000000 244.2474615571
3070.0000000000 245.1557512091
3075.0000000000 245.5046931510
3080.0000000000 247.8117652827
3085.0000000000 245.1062603803
3090.0000000000 244.8798287937
3095.0000000000 243.8152579040
3100.0000000000 243.6443462173
3105.0000000000 243.5187974601
3110.0000000000 244.1855063948
3115.0000000000 243.7100567418
3120.0000000000 243.8336652590
3125.0000000000 243.7331885042
3130.0000000000 243.8462329320
3135.0000000000 243.3562380952
3140.0000000000 242.2621637285
3145.0000000000 242.6541749263
3150.0000000000 242.8490856723
3155.0000000000 243.1616954160
3160.0000000000 242.7367978797
3165.0000000000 242.3122108506
3170.0000000000 241.8568694967
3175.0000000000 242.0233765039
3180.0000000000 243.2173572039
3185.0000000000 243.9444793241
3190.0000000000 245.7403049073
3195.0000000000 246.1659067081
3200.0000000000 247.1673639119
3205.0000000000 246.8193327550
3210.0000000000 246.1406564739
3215.0000000000 246.2804908297
3220.0000000000 246.5775205601
3225.0000000000 244.3603445503
3230.0000000000 244.4254117844
3235.0000000000 245.1562523894
3240.0000000000 245.8671350713
3245.0000000000 246.1052222616
3250.0000000000 245.8769282968
3255.0000000000 246.2167656933
3260.0000000000 245.5837968506
3265.0000000000 247.4265381365
3270.0000000000 245.8733793946
3275.0000000000 245.5784280640
3280.0000000000 245.9317394545
3285.0000000000 243.9410569711
3290.0000000000 244.1405379771
3295.0000000000 246.6979912720
3300.0000000000 246.4754020734
3305.0000000000 246.2185043857
3310.0000000000 246.3166837476
3315.0000000000 246.8388041108
3320.0000000000 247.9013333317
3325.0000000000 246.0320204971
3330.0000000000 244.9251985407
3335.0000000000 245.1891753836
3340.0000000000 244.8781846299
3345.0000000000 245.7615640185
3350.0000000000 246.5954685958
3355.0000000000 248.2013563395
3360.0000000000 249.3982680354
3365.0000000000 248.5047124694
3370.0000000000 247.8799639478
3375.0000000000 247.1464554932
3380.0000000000 247.4376333718
3385.0000000000 246.8950330793
3390.0000000000 247.2493101410
3395.0000000000 247.7548207424
3400.0000000000 248.4799989106
3405.0000000000 248.5740063784
3410.0000000000 248.7106878204
3415.0000000000 248.0322003650
3420.0000000000 249.2043065250
3425.0000000000 247.1986654285
3430.0000000000 246.7969604864
3435.0000000000 246.3260192929
3440.0000000000 246.6208802177
3445.0000000000 247.2138447076
3450.0000000000 246.6427191610
3455.0000000000 246.9613103599
3460.0000000000 246.9003787735
3465.0000000000 246.8017708511
3470.0000000000 246.5488433721
3475.0000000000 247.5343548843
3480.0000000000 246.3528631479
3485.0000000000 245.7824271146
3490.0000000000 245.5938626496
3495.0000000000 245.8625108418
3500.0000000000 246.7453164122
3505.0000000000 248.5218831684
3510.0000000000 248.4105506071
3515.0000000000 247.6803759367
3520.0000000000 247.3499788831
3525.0000000000 247.1015403587
3530.0000000000 247.5283769812
3535.0000000000 244.4737151859
3540.0000000000 243.0986338824
3545.0000000000 243.2331856966
3550.0000000000 243.2882974639
3555.0000000000 243.5184110792
3560.0000000000 243.2369214918
3565.0000000000 243.6248479197
3570.0000000000 244.7465196216
3575.0000000000 243.0088001197
3580.0000000000 242.7846310726
3585.0000000000 241.8452110580
3590.0000000000 241.8671286090
3595.0000000000 241.1084576614
3600.0000000000 241.3323823417
3605.0000000000 243.2093332029
3610.0000000000 243.5352986184
3615.0000000000 243.2780777077
3620.0000000000 243.5461930151
3625.0000000000 243.5584408989
3630.0000000000 244.0522982468
3635.0000000000 242.2648610047
3640.0000000000 242.7837965370
3645.0000000000 242.3570274193
3650.0000000000 241.9415904571
3655.0000000000 242.7040080942
3660.0000000000 243.4704121538
3665.0000000000 244.4373842488
3670.0000000000 244.2907994029
3675.0000000000 244.1904571911
3680.0000000000 244.0374637144
3685.0000000000 243.7346709623
3690.0000000000 242.9679407973
3695.0000000000 242.7332346203
3700.0000000000 241.3597243893
3705.0000000000 242.5126593880
3710.0000000000 243.2018426573
3715.0000000000 243.3781144246
3720.0000000000 243.2562641969
3725.0000000000 243.8883156148
3730.0000000000 244.6744409358
3735.0000000000 243.8579729874
3740.0000000000 243.0896812364
3745.0000000000 242.6159393232
3750.0000000000 242.8120158250
3755.0000000000 242.2180635945
3760.0000000000 242.8182243627
3765.0000000000 244.0276897116
3770.0000000000 245.3554727490
3775.0000000000 243.9299506078
3780.0000000000 243.1628404201
3785.0000000000 243.9559285232
3790.0000000000 242.6175902420
3795.0000000000 242.5695772840
3800.0000000000 242.2896334365
3805.0000000000 241.9670578155
3810.0000000000 241.5551931338
3815.0000000000 242.3914360004
3820.0000000000 242.3795806589
3825.0000000000 242.7107806895
3830.0000000000 242.9074075310
3835.0000000000 242.6519129368
3840.0000000000 242.0613228814
3845.0000000000 241.3903772001
3850.0000000000 241.2913571237
3855.0000000000 241.2373596009
3860.0000000000 240.9253282043
3865.0000000000 241.6586960999
3870.0000000000 242.6618849466
3875.0000000000 243.2776709737
3880.0000000000 243.2786959150
3885.0000000000 243.1562244495
3890.0000000000 243.2153308327
3895.0000000000 243.0028925147
3900.0000000000 242.3881004965
3905.0000000000 242.3347799405
3910.0000000000 242.1523214022
3915.0000000000 241.8766851461
3920.0000000000 241.4549113406
3925.0000000000 241.1116134012
3930.0000000000 240.7567029074
3935.0000000000 240.4897152973
3940.0000000000 240.0807380451
3945.0000000000 241.1120565435
3950.0000000000 241.6363014030
3955.0000000000 242.4745686933
3960.0000000000 243.2820483914
3965.0000000000 244.6789371412
3970.0000000000 243.5524277536
3975.0000000000 243.2475892135
3980.0000000000 243.4514431105
3985.0000000000 243.5085703127
3990.0000000000 243.9638380641
3995.0000000000 243.7083991529
4000.0000000000 243.4009067186
4005.0000000000 243.1419517234
4010.0000000000 244.9514353852
4015.0000000000 243.9700289320
4020.0000000000 243.1344529570
4025.0000000000 243.5805645199
4030.0000000000 244.1078242261
4035.0000000000 244.3818734125
4040.0000000000 244.2194447105
4045.0000000000 244.3654901052
4050.0000000000 245.0739202764
4055.0000000000 244.8703541038
4060.0000000000 244.1312785797
4065.0000000000 243.2776776456
4070.0000000000 242.2806477829
4075.0000000000 242.7313190554
4080.0000000000 243.6395221789
4085.0000000000 244.1771852225
4090.0000000000 245.4962786259
4095.0000000000 247.4339872420
4100.0000000000 246.2694392485
4105.0000000000 246.7487938520
4110.0000000000 245.9946740854
4115.0000000000 246.5700266992
4120.0000000000 246.2396460844
4125.0000000000 244.2577688949
4130.0000000000 244.4834641693
4135.0000000000 245.8672087687
4140.0000000000 245.9150232300
4145.0000000000 246.2085144464
4150.0000000000 246.6181516767
4155.0000000000 246.1283201230
4160.0000000000 247.5938327865
4165.0000000000 246.4819419030
4170.0000000000 246.2358390248
4175.0000000000 246.5791687015
4180.0000000000 245.0136415233
4185.0000000000 245.2420466976
4190.0000000000 246.9076179016
4195.0000000000 246.0854207859
4200.0000000000 245.9409505585
4205.0000000000 245.8253104280
4210.0000000000 246.0798287377
4215.0000000000 245.7665329521
4220.0000000000 244.8088442012
4225.0000000000 244.9215206181
4230.0000000000 245.4500558486
4235.0000000000 244.9846169901
4240.0000000000 245.6676178251
4245.0000000000 246.6341604789
4250.0000000000 247.3403192754
4255.0000000000 246.8245384717
4260.0000000000 246.6581365660
4265.0000000000 246.4465005144
4270.0000000000 246.6761967366
4275.0000000000 243.9944021158
4280.0000000000 243.8413009049
4285.0000000000 243.1587759224
4290.0000000000 242.9456657734
4295.0000000000 243.6455768948
4300.0000000000 243.9696282983
4305.0000000000 244.6223712764
4310.0000000000 244.8397395694
4315.0000000000 246.0934172987
4320.0000000000 244.9468054832
4325.0000000000 245.4725757068
4330.0000000000 245.6854337346
4335.0000000000 245.1341358746
4340.0000000000 242.7015471347
4345.0000000000 242.8568573629
4350.0000000000 244.1076565046
4355.0000000000 243.1038947527
4360.0000000000 243.1802401111
4365.0000000000 243.3061205382
4370.0000000000 243.5357284030
4375.0000000000 241.3325326376
4380.0000000000 241.5384778412
4385.0000000000 242.1974018281
4390.0000000000 242.0358868303
4395.0000000000 242.5410070415
4400.0000000000 242.2513932325
4405.0000000000 242.6513330984
4410.0000000000 242.7569226071
4415.0000000000 243.4620159540
4420.0000000000 243.3041075019
4425.0000000000 242.6094216290
4430.0000000000 242.1788477477
4435.0000000000 241.4123009562
4440.0000000000 241.7003603567
4445.0000000000 242.6356102239
4450.0000000000 244.0029527539
4455.0000000000 245.4093551424
4460.0000000000 242.6527902426
4465.0000000000 242.6641245013
4470.0000000000 242.2745063007
4475.0000000000 243.0469744623
4480.0000000000 242.2789973623
4485.0000000000 240.7895471071
4490.0000000000 240.2623959729
4495.0000000000 240.5460764101
4500.0000000000 241.0080428071
4505.0000000000 241.0441430928
4510.0000000000 241.3139701427
4515.0000000000 240.9078069305
4520.0000000000 242.1212416279
4525.0000000000 240.4556019061
4530.0000000000 240.3881076865
4535.0000000000 240.9055898022
4540.0000000000 240.4171606196
4545.0000000000 239.1282330392
4550.0000000000 239.2879123936
4555.0000000000 239.2375138357
4560.0000000000 239.2124705101
4565.0000000000 239.2153389115
4570.0000000000 239.3611660981
4575.0000000000 239.1356358946
4580.0000000000 239.6500766781
4585.0000000000 239.1597534812
4590.0000000000 239.2110719561
4595.0000000000 238.9732733260
4600.0000000000 239.1267665578
4605.0000000000 239.9098205815
4610.0000000000 241.0534051833
4615.0000000000 241.3187282462
4620.0000000000 240.4206288169
4625.0000000000 240.8907256507
4630.0000000000 240.2066133962
4635.0000000000 240.3847219554
4640.0000000000 239.6365588759
4645.0000000000 239.8637099356
4650.0000000000 240.1397321241
4655.0000000000 239.8159832249
4660.0000000000 240.1966921609
4665.0000000000 241.3460335151
4670.0000000000 242.8149633906
4675.0000000000 242.2032431859
4680.0000000000 241.1606069254
4685.0000000000 241.5029344446
4690.0000000000 240.4483024945
4695.0000000000 240.2292115358
4700.0000000000 241.3283952403
4705.0000000000 241.3498873139
4710.0000000000 241.3736815922
4715.0000000000 241.0688649964
4720.0000000000 241.1130419760
4725.0000000000 240.7591254914
4730.0000000000 241.0212481347
4735.0000000000 241.4799213920
4740.0000000000 241.3658303918
4745.0000000000 241.4519918850
4750.0000000000 240.9444773763
4755.0000000000 240.6852699420
4760.0000000000 240.6389073265
4765.0000000000 240.6028628484
4770.0000000000 241.4007381442
4775.0000000000 241.0007647304
4780.0000000000 240.9983478918
4785.0000000000 240.7403862859
4790.0000000000 240.7205730536
4795.0000000000 240.8432828078
4800.0000000000 240.3913511834
4805.0000000000 239.5802513295
4810.0000000000 239.4125127152
4815.0000000000 239.3369926719
4820.0000000000 240.0203361739
4825.0000000000 240.4633518575
4830.0000000000 241.2343209096
4835.0000000000 242.5648151920
4840.0000000000 242.9403310379
4845.0000000000 243.4402235582
4850.0000000000 243.0136527241
4855.0000000000 242.7244129055
4860.0000000000 243.1865397543
4865.0000000000 243.3993865974
4870.0000000000 242.7503724853
4875.0000000000 242.8224977283
4880.0000000000 242.7852494537
4885.0000000000 242.7600627066
4890.0000000000 242.6687852039
4895.0000000000 242.1764078394
4900.0000000000 241.6804608894
4905.0000000000 242.6369309214
4910.0000000000 242.9990309502
4915.0000000000 242.0931238777
4920.0000000000 241.3194491756
4925.0000000000 240.9540478491
4930.0000000000 241.1180040258
4935.0000000000 240.5707750330
4940.0000000000 241.1159788085
4945.0000000000 241.9311987109
4950.0000000000 242.3440651310
4955.0000000000 242.1572528708
4960.0000000000 242.1300932511
4965.0000000000 242.1631896816
4970.0000000000 241.9433221937
4975.0000000000 241.2839475037
4980.0000000000 241.5597271318
4985.0000000000 241.6256004186
4990.0000000000 241.8286906776
4995.0000000000 241.4500694967
5000.0000000000 241.2812453495
5005.0000000000 241.2985201099
5010.0000000000 241.1383436875
5015.0000000000 241.4726827578
5020.0000000000 241.6767473334
5025.0000000000 241.5594538258
5030.0000000000 241.2529675930
5035.0000000000 241.4785330768
5040.0000000000 241.8333381508
5045.0000000000 241.6953978404
5050.0000000000 241.2896253051
5055.0000000000 241.4578847221
5060.0000000000 240.9899670212
5065.0000000000 240.7994075859
5070.0000000000 241.4686149404
5075.0000000000 242.0970439333
5080.0000000000 243.1226081174
5085.0000000000 244.0942916023
5090.0000000000 242.8517276036
5095.0000000000 242.8572837663
5100.0000000000 243.1852712312
5105.0000000000 242.4620037305
5110.0000000000 242.1835700939
5115.0000000000 242.0654519411
5120.0000000000 241.7433349107
5125.0000000000 241.5172512529
5130.0000000000 241.3399682721
5135.0000000000 242.2007708501
5140.0000000000 243.1830548018
5145.0000000000 243.2060741282
5150.0000000000 241.8540419399
5155.0000000000 241.7697158451
5160.0000000000 241.9150230262
5165.0000000000 242.0658136007
5170.0000000000 242.3215104120
5175.0000000000 242.1418318848
5180.0000000000 241.7604545311
5185.0000000000 241.5791293901
5190.0000000000 241.4382271249
5195.0000000000 241.1353216999
5200.0000000000 242.2441682526
5205.0000000000 242.7548512964
5210.0000000000 242.4325496667
5215.0000000000 242.4396252538
5220.0000000000 243.1484612498
5225.0000000000 242.8814867561
5230.0000000000 242.2578241607
5235.0000000000 242.6417204172
5240.0000000000 242.6445163450
5245.0000000000 242.7925511959
5250.0000000000 242.4469790946
5255.0000000000 242.1297747597
5260.0000000000 242.3481142611
5265.0000000000 242.5003234684
5270.0000000000 242.7649126815
5275.0000000000 243.3086040958
5280.0000000000 244.1109093704
5285.0000000000 243.9835007924
5290.0000000000 244.1011991107
5295.0000000000 243.3006848486
5300.0000000000 243.2251556002
5305.0000000000 242.8813639822
5310.0000000000 243.5408428888
5315.0000000000 244.2675023810
5320.0000000000 244.7607110660
5325.0000000000 242.7270686716
5330.0000000000 243.4022218308
5335.0000000000 242.8171808891
5340.0000000000 242.3591650674
5345.0000000000 242.2629176302
5350.0000000000 242.3742795832
5355.0000000000 242.3745230586
5360.0000000000 242.4979598856
5365.0000000000 242.2368349760
5370.0000000000 242.7689676000
5375.0000000000 243.3175125231
5380.0000000000 242.1342565418
5385.0000000000 241.8927382443
5390.0000000000 241.5303401906
5395.0000000000 241.4585643611
5400.0000000000 241.1798193396
5405.0000000000 241.6931911925
5410.0000000000 242.6140788431
5415.0000000000 243.1936214132
5420.0000000000 242.4179659060
5425.0000000000 242.3017720881
5430.0000000000 242.1189141595
5435.0000000000 241.8190362625
5440.0000000000 240.8781386056
5445.0000000000 240.6521256306
5450.0000000000 240.8438903648
5455.0000000000 240.9255801080
5460.0000000000 240.7995296753
5465.0000000000 241.3307177447
5470.0000000000 242.1249359247
5475.0000000000 242.8107786085
5480.0000000000 241.6703476401
5485.0000000000 241.9177410748
5490.0000000000 241.7045105043
5495.0000000000 241.2507402920
5500.0000000000 241.2296514650
5505.0000000000 241.4171278924
5510.0000000000 242.5190422083
5515.0000000000 243.8031804653
5520.0000000000 241.3230256025
5525.0000000000 241.1916593544
5530.0000000000 240.9742582910
5535.0000000000 241.1457555681
5540.0000000000 239.5384686544
5545.0000000000 239.4372648147
5550.0000000000 239.1129964821
5555.0000000000 238.6764746795
5560.0000000000 238.6441510099
5565.0000000000 238.6970490127
5570.0000000000 239.0663299775
5575.0000000000 240.1242374744
5580.0000000000 239.2519196442
5585.0000000000 239.5372942739
5590.0000000000 239.8780026873
5595.0000000000 239.6554823454
5600.0000000000 239.3477695382
5605.0000000000 239.2968689132
5610.0000000000 239.4103133476
5615.0000000000 240.0890494668
5620.0000000000 240.4151263983
5625.0000000000 241.3947494977
5630.0000000000 241.4720752457
5635.0000000000 241.4164892787
5640.0000000000 240.4670029789
5645.0000000000 240.9443943585
5650.0000000000 241.1473055752
5655.0000000000 240.6789716753
5660.0000000000 239.5585909578
5665.0000000000 239.9652344665
5670.0000000000 240.6639270324
5675.0000000000 240.4460457854
5680.0000000000 240.1152245958
5685.0000000000 240.3864838169
5690.0000000000 239.4149392008
5695.0000000000 239.5277112310
5700.0000000000 239.3664169532
5705.0000000000 239.2684586145
5710.0000000000 237.9220290353
5715.0000000000 237.7940189952
5720.0000000000 238.0355388251
5725.0000000000 238.6843445314
5730.0000000000 239.1028242740
5735.0000000000 239.4825993360
5740.0000000000 239.3693345487
5745.0000000000 239.1833780003
5750.0000000000 238.1249650708
5755.0000000000 239.3901843471
5760.0000000000 239.0808332420
5765.0000000000 239.6375309175
5770.0000000000 240.1066409581
5775.0000000000 240.1082117479
5780.0000000000 240.7055261182
5785.0000000000 241.2349514016
5790.0000000000 241.7453051346
5795.0000000000 242.3162222929
5800.0000000000 242.5599864224
5805.0000000000 242.3446458444
5810.0000000000 242.1804842268
5815.0000000000 241.8299897464
5820.0000000000 242.4150072922
5825.0000000000 243.1087449348
5830.0000000000 242.4099092557
5835.0000000000 242.6903781780
5840.0000000000 242.5511641197
5845.0000000000 243.2838512668
5850.0000000000 242.9735739456
5855.0000000000 243.4720669254
5860.0000000000 243.1126407946
5865.0000000000 244.1823368696
5870.0000000000 244.5242618638
5875.0000000000 243.7041487464
5880.0000000000 243.2964261624
5885.0000000000 243.6436368159
5890.0000000000 244.5452809754
5895.0000000000 244.1729203443
5900.0000000000 244.3074592542
5905.0000000000 244.4135316326
5910.0000000000 243.7856547589
5915.0000000000 243.9146088867
5920.0000000000 243.2901129162
5925.0000000000 243.3031175380
5930.0000000000 242.9073613290
5935.0000000000 242.7021041844
5940.0000000000 243.0082658087
5945.0000000000 242.6864389727
5950.0000000000 242.9528683846
5955.0000000000 243.0662592286
5960.0000000000 243.0663601195
5965.0000000000 243.0601277483
5970.0000000000 242.6365950566
5975.0000000000 243.0891259105
5980.0000000000 243.2532984396
5985.0000000000 243.4061267749
5990.0000000000 243.6351857215
5995.0000000000 244.2285176195
6000.0000000000 244.3074540962
6005.0000000000 244.3022649658
6010.0000000000 244.4160781224
6015.0000000000 244.0469715515
6020.0000000000 244.2406494937
6025.0000000000 244.3758638761
6030.0000000000 244.0556703939
6035.0000000000 245.0996410409
6040.0000000000 244.2522412822
6045.0000000000 243.8475663216
6050.0000000000 243.8913077123
6055.0000000000 243.9047313276
6060.0000000000 243.5699316376
6065.0000000000 243.9166075481
6070.0000000000 244.7352160409
6075.0000000000 245.6593747146
6080.0000000000 244.9423655410
6085.0000000000 244.7253982708
6090.0000000000 244.3229862208
6095.0000000000 244.0565272972
6100.0000000000 243.9948100468
6105.0000000000 243.7980939392
6110.0000000000 243.7571459365
6115.0000000000 244.1134803310
6120.0000000000 243.8012021164
6125.0000000000 243.9847076255
6130.0000000000 244.3127848456
6135.0000000000 244.4166505660
6140.0000000000 244.3446801038
6145.0000000000 243.6813297028
6150.0000000000 243.8128154256
6155.0000000000 243.4721417172
6160.0000000000 243.9393559667
6165.0000000000 244.6851615940
6170.0000000000 245.6653450062
6175.0000000000 245.3237318802
6180.0000000000 245.2934193765
6185.0000000000 245.0259206324
6190.0000000000 245.2686821244
6195.0000000000 244.8430958781
6200.0000000000 244.3108486166
6205.0000000000 244.3026738614
6210.0000000000 244.0843862450
6215.0000000000 244.0417736956
6220.0000000000 244.0197409493
6225.0000000000 244.4663912559
6230.0000000000 245.3729259225
6235.0000000000 244.6685240793
6240.0000000000 245.2670148714
6245.0000000000 244.7309862755
6250.0000000000 244.1648678505
6255.0000000000 243.7381691553
6260.0000000000 243.4855589131
6265.0000000000 243.8831157703
6270.0000000000 243.5806909336
6275.0000000000 243.3945658177
6280.0000000000 244.1961614283
6285.0000000000 243.1210858550
6290.0000000000 243.9541012787
6295.0000000000 243.6577241415
6300.0000000000 243.5893806525
6305.0000000000 243.3716332372
6310.0000000000 243.7827395474
6315.0000000000 244.2145920509
6320.0000000000 244.7109736675
6325.0000000000 245.2182170494
6330.0000000000 245.2386698460
6335.0000000000 245.3934431115
6340.0000000000 245.2195358558
6345.0000000000 244.5753984629
6350.0000000000 244.8151376657
6355.0000000000 244.8484550831
6360.0000000000 244.9362823286
6365.0000000000 244.5631434190
6370.0000000000 244.2044652095
6375.0000000000 244.1039258569
6380.0000000000 244.0642790305
6385.0000000000 244.5005301463
6390.0000000000 244.5286591230
6395.0000000000 244.5383631157
6400.0000000000 244.2728284424
6405.0000000000 243.7841074652
6410.0000000000 243.4381742755
6415.0000000000 244.1280119252
6420.0000000000 243.6231932225
6425.0000000000 243.5684998817
6430.0000000000 243.6252635680
6435.0000000000 244.2716779504
6440.0000000000 244.7738370153
6445.0000000000 244.6542412930
6450.0000000000 244.4707288315
6455.0000000000 244.2832082425
6460.0000000000 244.3589790140
6465.0000000000 244.4205639913
6470.0000000000 244.0193444655
6475.0000000000 244.0916239455
6480.0000000000 244.3153831603
6485.0000000000 244.6125472956
6490.0000000000 245.2312342058
6495.0000000000 245.5540862472
6500.0000000000 245.6133558773
6505.0000000000 245.6043143082
6510.0000000000 245.5920723831
6515.0000000000 245.1213841017
6520.0000000000 245.1777651867
6525.0000000000 245.3684779791
6530.0000000000 245.5218182798
6535.0000000000 245.6714596437
6540.0000000000 245.5312594613
6545.0000000000 245.4616862703
6550.0000000000 245.4401751038
6555.0000000000 245.8767370339
6560.0000000000 245.4110703863
6565.0000000000 246.0514571446
6570.0000000000 246.6246932465
6575.0000000000 246.2228990473
6580.0000000000 246.6151435296
6585.0000000000 246.6931273023
6590.0000000000 246.1815915728
6595.0000000000 245.8881863639
6600.0000000000 246.0191567036
6605.0000000000 246.4155963689
6610.0000000000 246.6478235439
6615.0000000000 246.5397816071
6620.0000000000 246.3111513966
6625.0000000000 246.9117346650
6630.0000000000 247.4166924938
6635.0000000000 246.9177925092
6640.0000000000 247.0099829946
6645.0000000000 247.1314687239
6650.0000000000 247.1075963693
6655.0000000000 247.4208712471
6660.0000000000 247.5833257399
6665.0000000000 247.6049033000
6670.0000000000 247.9624484599
6675.0000000000 247.9700915695
6680.0000000000 247.8769615580
6685.0000000000 248.5604393084
6690.0000000000 249.0775238453
6695.0000000000 248.5403270843
6700.0000000000 248.5563771773
6705.0000000000 248.6879056012
6710.0000000000 248.5494389672
6715.0000000000 248.6284397111
6720.0000000000 248.5170397972
6725.0000000000 248.6142572811
6730.0000000000 248.1821065497
6735.0000000000 249.4349260445
6740.0000000000 248.6626583609
6745.0000000000 248.6294724724
6750.0000000000 248.9038432695
6755.0000000000 248.1792052620
6760.0000000000 248.0944041642
6765.0000000000 247.8937852793
6770.0000000000 247.9165294620
6775.0000000000 248.1236039493
6780.0000000000 247.9737911336
6785.0000000000 248.3273406337
6790.0000000000 248.2071705125
6795.0000000000 247.7775355740
6800.0000000000 247.7020983915
6805.0000000000 247.5213955286
6810.0000000000 247.2161160664
6815.0000000000 247.5360219488
6820.0000000000 247.7260058841
6825.0000000000 247.6587555455
6830.0000000000 247.3726077575
6835.0000000000 247.3632878490
6840.0000000000 247.5382379847
6845.0000000000 247.9986148645
6850.0000000000 247.4899331317
6855.0000000000 247.3086717885
6860.0000000000 246.7707847886
6865.0000000000 247.3505170021
6870.0000000000 247.4050262830
6875.0000000000 246.5060850422
6880.0000000000 246.4273254255
6885.0000000000 246.3313739374
6890.0000000000 246.3935849166
6895.0000000000 246.1076053438
6900.0000000000 245.3791829532
6905.0000000000 244.8121387687
6910.0000000000 244.7472396480
6915.0000000000 244.3033205490
6920.0000000000 244.8353382197
6925.0000000000 245.3866149190
6930.0000000000 245.6949449490
6935.0000000000 245.6545661631
6940.0000000000 245.4856145877
6945.0000000000 245.4767568713
6950.0000000000 245.4939842619
6955.0000000000 245.2338858303
6960.0000000000 244.6383069993
6965.0000000000 244.4970168529
6970.0000000000 244.5117227549
6975.0000000000 244.9872422655
6980.0000000000 244.8043880668
6985.0000000000 245.1435231057
6990.0000000000 245.0932472452
6995.0000000000 245.0647089880
7000.0000000000 245.9947825421
7005.0000000000 245.8683698636
7010.0000000000 245.9824044040
7015.0000000000 245.6294228061
7020.0000000000 245.0942300875
7025.0000000000 244.7493430913
7030.0000000000 245.2441004568
7035.0000000000 245.5796547859
7040.0000000000 246.1323274565
7045.0000000000 246.6686675445
7050.0000000000 245.4687707030
7055.0000000000 245.3177148021
7060.0000000000 245.8091034098
7065.0000000000 245.6554654748
7070.0000000000 246.1099291703
7075.0000000000 246.1263768598
7080.0000000000 246.2586725195
7085.0000000000 246.3650423719
7090.0000000000 246.0813085444
7095.0000000000 246.3112699315
7100.0000000000 246.2257116467
7105.0000000000 246.4547566859
7110.0000000000 246.7382904409
7115.0000000000 247.0573527362
7120.0000000000 246.9930044842
7125.0000000000 247.0059763136
7130.0000000000 247.0403606243
7135.0000000000 247.0264713399
7140.0000000000 247.2844605477
7145.0000000000 247.4605331368
7150.0000000000 248.0571578373
7155.0000000000 248.7117799887
7160.0000000000 249.0217649519
7165.0000000000 247.9819759784
7170.0000000000 248.4220283367
7175.0000000000 248.9679835005
7180.0000000000 249.0305443794
7185.0000000000 249.0284408450
7190.0000000000 249.0220591628
7195.0000000000 249.3957440983
7200.0000000000 249.2160846491
7205.0000000000 248.8943921207
7210.0000000000 248.8390359840
7215.0000000000 248.8028512417
7220.0000000000 249.5554795989
7225.0000000000 250.4169338919
7230.0000000000 250.3071374652
7235.0000000000 249.9755617120
7240.0000000000 250.2855617367
7245.0000000000 249.8077085132
7250.0000000000 249.5161247039
7255.0000000000 249.1330821895
7260.0000000000 248.4323767318
7265.0000000000 248.9647427508
7270.0000000000 249.3178179122
7275.0000000000 249.3347838027
7280.0000000000 249.2070228241
7285.0000000000 249.3057791960
7290.0000000000 249.5002239077
7295.0000000000 250.0108434502
7300.0000000000 249.0415769052
7305.0000000000 249.3807171052
7310.0000000000 249.1787561431
7315.0000000000 248.4712166536
7320.0000000000 248.9374438567
7325.0000000000 248.9815446115
7330.0000000000 249.4089492241
7335.0000000000 249.8387937089
7340.0000000000 250.4003502952
7345.0000000000 249.9538260065
7350.0000000000 250.3544585020
7355.0000000000 250.0504095267
7360.0000000000 249.8693012671
7365.0000000000 250.1496249038
7370.0000000000 250.4883660303
7375.0000000000 250.6505364956
7380.0000000000 250.5620911662
7385.0000000000 250.8444959518
7390.0000000000 251.2494646805
7395.0000000000 251.5443119202
7400.0000000000 251.5833757331
7405.0000000000 251.4788492809
7410.0000000000 251.5546463058
7415.0000000000 251.1407203402
7420.0000000000 252.2738419605
7425.0000000000 251.5067590891
7430.0000000000 251.4510320403
7435.0000000000 251.7035297780
7440.0000000000 251.0782993643
7445.0000000000 250.9924190629
7450.0000000000 250.8081910230
7455.0000000000 250.8304242942
7460.0000000000 251.0112397408
7465.0000000000 250.8706490882
7470.0000000000 251.1732629591
7475.0000000000 251.0607494946
7480.0000000000 250.7721855669
7485.0000000000 250.5446271892
7490.0000000000 250.4783953882
7495.0000000000 250.2330646625
7500.0000000000 250.5212683000
7505.0000000000 250.6087983404
7510.0000000000 250.9101820078
7515.0000000000 251.1001734925
7520.0000000000 251.5475761932
7525.0000000000 251.4103582350
7530.0000000000 251.2958841059
7535.0000000000 250.8620452721
7540.0000000000 250.7732952012
7545.0000000000 250.8444171715
7550.0000000000 250.7511770542
7555.0000000000 251.2580985700
7560.0000000000 251.7710813779
7565.0000000000 251.6935260694
7570.0000000000 251.5974706975
7575.0000000000 251.4906912769
7580.0000000000 251.3375573223
7585.0000000000 251.3757576884
7590.0000000000 251.4545878828
7595.0000000000 251.5565176853
7600.0000000000 251.3746758167
7605.0000000000 251.4949053069
7610.0000000000 251.4565559184
7615.0000000000 251.2921208670
7620.0000000000 252.3526701324
7625.0000000000 252.2752617576
7630.0000000000 252.4328539642
7635.0000000000 252.3443323672
7640.0000000000 252.3980218283
7645.0000000000 252.0635730087
7650.0000000000 251.8948056519
7655.0000000000 251.8523254149
7660.0000000000 251.8351393424
7665.0000000000 252.3162594040
7670.0000000000 252.4624669967
7675.0000000000 252.1832866508
7680.0000000000 252.0109640482
7685.0000000000 251.9769894680
7690.0000000000 252.0316602658
7695.0000000000 251.8123503976
7700.0000000000 251.1474891521
7705.0000000000 251.0385014942
7710.0000000000 251.0027823348
7715.0000000000 251.4076590313
7720.0000000000 251.6471670004
7725.0000000000 252.0581195658
7730.0000000000 252.5977003607
7735.0000000000 253.0007456664
7740.0000000000 252.3595061470
7745.0000000000 252.7214215412
7750.0000000000 252.3124910438
7755.0000000000 252.4297776124
7760.0000000000 252.3104426323
7765.0000000000 252.0068536392
7770.0000000000 252.0818985875
7775.0000000000 251.8299123998
7780.0000000000 251.6839867663
7785.0000000000 252.0049519189
7790.0000000000 251.9132429645
7795.0000000000 252.3907755532
7800.0000000000 252.3687261666
7805.0000000000 253.1279835295
7810.0000000000 252.6220057757
7815.0000000000 252.5055820185
7820.0000000000 252.3876307413
7825.0000000000 252.3909921818
7830.0000000000 251.5555214670
7835.0000000000 251.9254543341
7840.0000000000 252.3644910866
7845.0000000000 252.3322013482
7850.0000000000 252.6544447896
7855.0000000000 252.5109310255
7860.0000000000 252.3957629130
7865.0000000000 252.3844288888
7870.0000000000 252.6233159480
7875.0000000000 252.2423832897
7880.0000000000 252.3815765324
7885.0000000000 252.3024994795
7890.0000000000 252.5729408850
7895.0000000000 252.6289207278
7900.0000000000 252.7847605242
7905.0000000000 253.1838991560
7910.0000000000 253.3196374935
7915.0000000000 253.4410721359
7920.0000000000 253.2335459984
7925.0000000000 253.4483395637
7930.0000000000 253.0913454870
7935.0000000000 252.7263985715
7940.0000000000 252.6480108752
7945.0000000000 252.8482174038
7950.0000000000 252.8909647670
7955.0000000000 252.7775912675
7960.0000000000 252.7973384035
7965.0000000000 252.8154137554
7970.0000000000 253.9202672432
7975.0000000000 252.9242143575
7980.0000000000 253.0234714601
7985.0000000000 252.7030804760
7990.0000000000 252.3446136603
7995.0000000000 252.7077029128
8000.0000000000 253.5644325673
8005.0000000000 253.8447703387
8010.0000000000 253.6915014934
8015.0000000000 253.5687621960
8020.0000000000 253.5197401538
8025.0000000000 253.5685624655
8030.0000000000 252.4464556613
8035.0000000000 252.2484732904
8040.0000000000 251.8629215395
8045.0000000000 251.9376852512
8050.0000000000 252.1843227956
8055.0000000000 252.5182271164
8060.0000000000 252.5562228146
8065.0000000000 252.5925616174
8070.0000000000 252.3999408203
8075.0000000000 252.7173444829
8080.0000000000 252.4823394286
8085.0000000000 251.8044548962
8090.0000000000 252.0767844940
8095.0000000000 251.9556929363
8100.0000000000 252.2325054089
8105.0000000000 252.6532282533
8110.0000000000 252.4859003905
8115.0000000000 252.5175522653
8120.0000000000 252.5041439354
8125.0000000000 252.8924761301
8130.0000000000 253.3535035763
8135.0000000000 252.4993352070
8140.0000000000 252.2134166998
8145.0000000000 251.7520263100
8150.0000000000 251.8147593180
8155.0000000000 251.6079570126
8160.0000000000 251.9162391438
8165.0000000000 251.7817147297
8170.0000000000 251.6903496507
8175.0000000000 251.8271749180
8180.0000000000 251.7642841023
8185.0000000000 251.1003617356
8190.0000000000 251.2411477225
8195.0000000000 251.3251902996
8200.0000000000 251.3667171511
8205.0000000000 251.7535164107
8210.0000000000 252.3648093776
8215.0000000000 253.0707683033
8220.0000000000 253.3776713963
8225.0000000000 253.2838019583
8230.0000000000 252.9157463553
8235.0000000000 252.8169099635
8240.0000000000 253.1236410992
8245.0000000000 253.1871547897
8250.0000000000 253.1036331857
8255.0000000000 253.1533973132
8260.0000000000 253.2436528497
8265.0000000000 253.2898684816
8270.0000000000 253.4288414805
8275.0000000000 253.4746976581
8280.0000000000 253.1280051497
8285.0000000000 253.2440652628
8290.0000000000 253.6223676545
8295.0000000000 253.4645474288
8300.0000000000 253.7689857397
8305.0000000000 254.2460774775
8310.0000000000 254.9550611897
8315.0000000000 253.2437078645
8320.0000000000 253.2272711946
8325.0000000000 253.3442440065
8330.0000000000 253.4893955841
8335.0000000000 253.3391370581
8340.0000000000 253.2689026977
8345.0000000000 253.5050420407
8350.0000000000 253.2638379229
8355.0000000000 253.4901095765
8360.0000000000 253.3690999315
8365.0000000000 254.1317828170
8370.0000000000 253.0734171650
8375.0000000000 253.2841270602
8380.0000000000 253.2514111638
8385.0000000000 253.2069334307
8390.0000000000 253.5407130289
8395.0000000000 253.6689228260
8400.0000000000 254.1653827407
8405.0000000000 254.7573512202
8410.0000000000 253.7975541203
8415.0000000000 253.7025775194
8420.0000000000 253.7890403493
8425.0000000000 253.6719579087
8430.0000000000 253.5394473300
8435.0000000000 253.6797462303
8440.0000000000 253.9318793197
8445.0000000000 253.9268711502
8450.0000000000 254.3254412899
8455.0000000000 254.4187112547
8460.0000000000 255.0380913665
8465.0000000000 254.1040720597
8470.0000000000 253.9136066528
8475.0000000000 253.8009822992
8480.0000000000 253.5822082407
8485.0000000000 252.9762107707
8490.0000000000 253.0673950004
8495.0000000000 254.0189401496
8500.0000000000 253.3100083412
8505.0000000000 253.1976344875
8510.0000000000 253.3096899442
8515.0000000000 253.2535542124
8520.0000000000 253.0719309038
8525.0000000000 252.8905295293
8530.0000000000 252.9299822664
8535.0000000000 252.6402997805
8540.0000000000 252.6923598822
8545.0000000000 253.0416114594
8550.0000000000 253.7993065470
8555.0000000000 254.2595095566
8560.0000000000 253.0362222360
8565.0000000000 253.1811655681
8570.0000000000 253.0161600427
8575.0000000000 253.4175783696
8580.0000000000 253.2613134954
8585.0000000000 252.4261234588
8590.0000000000 252.1028410830
8595.0000000000 252.2132709911
8600.0000000000 252.4672113965
8605.0000000000 252.4674708080
8610.0000000000 252.8266446314
8615.0000000000 253.0781276753
8620.0000000000 253.1094866540
8625.0000000000 252.6058335918
8630.0000000000 252.5070662579
8635.0000000000 252.0180927644
8640.0000000000 250.9129876952
8645.0000000000 249.9906026688
8650.0000000000 250.2243806433
8655.0000000000 250.5172768719
8660.0000000000 250.5767975135
8665.0000000000 250.5060622236
8670.0000000000 250.7963337843
8675.0000000000 251.0918403500
8680.0000000000 250.8609057666
8685.0000000000 250.4989777461
8690.0000000000 250.2666275391
8695.0000000000 250.3901647782
8700.0000000000 250.1326149043
8705.0000000000 250.4388334569
8710.0000000000 250.7770248729
8715.0000000000 250.9321196627
8720.0000000000 250.7336285479
8725.0000000000 250.2267193341
8730.0000000000 250.0471669442
8735.0000000000 250.4898272829
8740.0000000000 250.1449058021
8745.0000000000 250.5139149104
8750.0000000000 250.1523800099
8755.0000000000 250.0164563151
8760.0000000000 249.9135101414
8765.0000000000 249.8352563081
8770.0000000000 250.1878824974
8775.0000000000 250.1524059303
8780.0000000000 250.1934015120
8785.0000000000 250.0662977764
8790.0000000000 249.9923364762
8795.0000000000 250.1005775166
8800.0000000000 250.0794376180
8805.0000000000 250.3775831478
8810.0000000000 250.5575689966
8815.0000000000 250.9918015601
8820.0000000000 251.4052273695
8825.0000000000 250.8159469013
8830.0000000000 251.0284933879
8835.0000000000 250.9122345821
8840.0000000000 250.8189379275
8845.0000000000 250.8350755184
8850.0000000000 250.7503475880
8855.0000000000 250.7913462674
8860.0000000000 250.9791114960
8865.0000000000 251.5755296473
8870.0000000000 251.9393492629
8875.0000000000 251.8127165968
8880.0000000000 251.7597906721
8885.0000000000 252.0245219022
8890.0000000000 251.7827573055
8895.0000000000 251.7601411249
8900.0000000000 251.9596500175
8905.0000000000 251.6811145525
8910.0000000000 251.5293394822
8915.0000000000 251.7552743373
8920.0000000000 252.1440770828
8925.0000000000 251.4976332668
8930.0000000000 251.0503036951
8935.0000000000 251.1415799546
8940.0000000000 251.4774946990
8945.0000000000 251.3977137701
8950.0000000000 251.4222239315
8955.0000000000 251.4418769362
8960.0000000000 251.1742421009
8965.0000000000 251.9947993030
8970.0000000000 251.2818964182
8975.0000000000 251.1228503117
8980.0000000000 251.4520534642
8985.0000000000 251.2179526003
8990.0000000000 251.4448205937
8995.0000000000 251.6844294917
9000.0000000000 251.7009940316
9005.0000000000 251.9855158753
9010.0000000000 251.9734922430
9015.0000000000 251.9903028340
9020.0000000000 251.8759211307
9025.0000000000 251.5425150223
9030.0000000000 251.0966994990
9035.0000000000 250.9497822942
9040.0000000000 251.1642981460
9045.0000000000 251.2382644039
9050.0000000000 251.0492663371
9055.0000000000 251.0045917290
9060.0000000000 251.0921547721
9065.0000000000 251.0310830426
9070.0000000000 251.4645823237
9075.0000000000 251.5863221343
9080.0000000000 252.0555178461
9085.0000000000 252.1382145844
9090.0000000000 252.7319694984
9095.0000000000 252.1789616850
9100.0000000000 252.1140125521
9105.0000000000 252.0112751405
9110.0000000000 251.7111418270
9115.0000000000 250.7997665677
9120.0000000000 250.6653069059
9125.0000000000 251.5012891751
9130.0000000000 251.1665167654
9135.0000000000 251.1761673304
9140.0000000000 251.1089891943
9145.0000000000 251.3498384586
9150.0000000000 250.7907394610
9155.0000000000 250.9800861651
9160.0000000000 250.9631960437
9165.0000000000 250.9769902013
9170.0000000000 250.9923314994
9175.0000000000 251.2925260542
9180.0000000000 251.8311500656
9185.0000000000 252.5356885877
9190.0000000000 252.8004383315
9195.0000000000 252.3975369045
9200.0000000000 252.3162194353
9205.0000000000 252.1981269072
9210.0000000000 252.3850091711
9215.0000000000 252.4660712236
9220.0000000000 252.6039294133
9225.0000000000 252.5652039711
9230.0000000000 252.6390601158
9235.0000000000 252.4860505827
9240.0000000000 252.7883833239
9245.0000000000 253.4957619836
9250.0000000000 253.5729763181
9255.0000000000 253.4097999974
9260.0000000000 253.2678716688
9265.0000000000 253.2028794400
9270.0000000000 253.2779911772
9275.0000000000 253.1482407585
9280.0000000000 252.6261196776
9285.0000000000 252.5553112710
9290.0000000000 252.4874374090
9295.0000000000 252.7857243775
9300.0000000000 253.0682810130
9305.0000000000 253.4636612600
9310.0000000000 253.8254165886
9315.0000000000 252.8892340780
9320.0000000000 252.9021591945
9325.0000000000 253.3243339142
9330.0000000000 253.1275974081
9335.0000000000 253.2661008050
9340.0000000000 253.1480699912
9345.0000000000 253.3886008171
9350.0000000000 253.2752387071
9355.0000000000 253.1314367246
9360.0000000000 252.9577721447
9365.0000000000 253.1627620165
9370.0000000000 253.4757238315
9375.0000000000 253.4242155631
9380.0000000000 253.4833627552
9385.0000000000 253.5508894008
9390.0000000000 253.4657359090
9395.0000000000 253.3568263937
9400.0000000000 253.2471839825
9405.0000000000 253.2757684377
9410.0000000000 253.1478417324
9415.0000000000 253.2191224981
9420.0000000000 253.1463973942
9425.0000000000 253.1719101258
9430.0000000000 252.7965094661
9435.0000000000 253.6810183131
9440.0000000000 253.0893453905
9445.0000000000 253.1644300345
9450.0000000000 253.3427794882
9455.0000000000 253.0549863662
9460.0000000000 253.0283387827
9465.0000000000 253.3129752088
9470.0000000000 253.6825190581
9475.0000000000 253.6646514097
9480.0000000000 253.6407597647
9485.0000000000 253.8775557931
9490.0000000000 253.6689345741
9495.0000000000 253.3091454249
9500.0000000000 253.2364235497
9505.0000000000 253.2871274601
9510.0000000000 253.0710606997
9515.0000000000 253.1955322410
9520.0000000000 253.1119012949
9525.0000000000 253.0538084529
9530.0000000000 253.1693579162
9535.0000000000 253.5406617634
9540.0000000000 252.9693946947
9545.0000000000 252.6230940886
9550.0000000000 252.5379436151
9555.0000000000 252.6718678355
9560.0000000000 252.5429655020
9565.0000000000 252.7360582724
9570.0000000000 252.0074119487
9575.0000000000 251.9315445237
9580.0000000000 251.9008870332
9585.0000000000 251.8910112939
9590.0000000000 251.8780372735
9595.0000000000 251.5935537758
9600.0000000000 251.2714290806
9605.0000000000 251.0776715604
9610.0000000000 251.1557718314
9615.0000000000 251.2373156814
9620.0000000000 251.5541682376
9625.0000000000 251.8168039828
9630.0000000000 252.3876667360
9635.0000000000 252.4511342778
9640.0000000000 252.2696677908
9645.0000000000 252.3667072763
9650.0000000000 252.5044958094
9655.0000000000 252.5231494116
9660.0000000000 252.4077024002
9665.0000000000 252.6326731270
9670.0000000000 252.8932885528
9675.0000000000 252.9303551122
9680.0000000000 252.8493568668
9685.0000000000 252.9792900279
9690.0000000000 253.0513649358
9695.0000000000 253.3123904318
9700.0000000000 252.8938137596
9705.0000000000 252.5398176148
9710.0000000000 252.5467366505
9715.0000000000 252.6394421015
9720.0000000000 252.5538206490
9725.0000000000 253.0478906196
9730.0000000000 253.5815895733
9735.0000000000 254.2896641167
9740.0000000000 254.9526880698
9745.0000000000 254.8128231080
9750.0000000000 255.2142349447
9755.0000000000 254.8481173614
9760.0000000000 254.7295322097
9765.0000000000 254.3669485537
9770.0000000000 254.4976528926
9775.0000000000 254.7009196553
9780.0000000000 255.0573143198
9785.0000000000 255.6886362075
9790.0000000000 255.7019670798
9795.0000000000 255.1789546738
9800.0000000000 255.6728771778
9805.0000000000 255.3307871250
9810.0000000000 255.1565176655
9815.0000000000 254.8963678791
9820.0000000000 254.8188561416
9825.0000000000 255.0640199632
9830.0000000000 255.1665160913
9835.0000000000 255.0570028750
9840.0000000000 255.5589755772
9845.0000000000 256.0334208212
9850.0000000000 255.7706068020
9855.0000000000 255.9374144184
9860.0000000000 255.9793152073
9865.0000000000 256.2202452694
9870.0000000000 256.0449825360
9875.0000000000 256.1608651798
9880.0000000000 256.1594445319
9885.0000000000 256.6467938449
9890.0000000000 256.0770688057
9895.0000000000 255.7296086194
9900.0000000000 255.6599722567
9905.0000000000 256.0831411579
9910.0000000000 256.5403365113
9915.0000000000 256.7344341527
9920.0000000000 256.3019391584
9925.0000000000 256.2527094911
9930.0000000000 256.3012567430
9935.0000000000 256.8047120733
9940.0000000000 256.0805446463
9945.0000000000 255.9888841012
9950.0000000000 256.2628427240
9955.0000000000 256.3347285488
9960.0000000000 255.7990468952
9965.0000000000 255.7912451391
9970.0000000000 255.7312964892
